151 1528
1 4 16
1 12 48
1 15 1
1 24 40
1 25 72
1 50 77
1 76 86
1 104 94
1 119 68
1 124 59
1 137 49
1 140 24
2 15 99
2 64 76
2 72 41
2 82 47
2 86 19
2 102 70
2 134 20
3 5 88
3 8 62
3 9 61
3 18 23
3 30 46
3 31 56
3 32 24
3 43 2
3 59 52
3 60 44
3 71 73
3 80 2
3 83 98
3 96 54
3 111 54
3 114 23
3 135 16
3 145 31
3 147 69
4 9 81
4 77 10
5 18 14
5 139 4
6 9 21
6 11 6
6 12 45
6 16 59
6 20 9
6 50 96
6 64 64
6 66 56
6 76 64
6 81 93
6 92 91
6 93 17
6 96 85
6 101 36
6 110 92
6 117 15
6 125 55
6 129 91
6 138 33
6 146 98
7 85 53
8 16 21
8 28 83
8 39 26
8 52 99
8 61 40
8 73 90
8 84 50
8 109 58
8 119 3
8 122 22
8 144 71
9 17 43
9 47 50
9 93 83
9 114 93
9 121 61
9 123 54
9 125 42
9 130 81
9 131 22
9 134 86
10 1 32
10 18 11
10 33 44
10 35 96
10 39 72
10 54 76
10 55 36
10 65 97
10 71 41
10 101 32
10 114 53
10 122 40
10 125 18
10 126 6
10 134 34
11 4 31
11 9 82
11 21 26
11 28 18
11 37 49
11 63 11
11 85 14
11 102 49
11 128 95
11 135 86
11 141 27
11 145 27
12 14 52
12 40 46
12 41 84
12 47 3
12 50 70
12 54 2
12 70 54
12 100 7
12 109 72
12 130 97
12 136 4
12 146 33
13 3 28
13 8 73
13 15 34
13 20 98
13 35 81
13 44 6
13 49 99
13 63 83
13 66 17
13 74 89
13 77 38
13 82 85
13 93 96
13 96 53
13 103 77
13 110 42
13 114 67
13 120 56
13 144 60
14 67 84
14 72 42
14 95 47
14 115 41
14 125 29
14 138 81
14 139 63
14 140 79
15 16 43
15 20 61
15 70 86
15 71 18
15 74 76
15 87 42
15 103 37
15 113 35
15 127 17
15 132 32
16 88 54
16 108 41
17 27 33
17 56 48
17 126 41
18 2 57
18 14 89
18 43 17
18 48 45
18 69 32
18 84 65
18 100 74
18 106 43
18 113 81
18 119 38
18 139 78
18 141 23
18 150 20
19 16 19
19 84 49
20 1 39
20 27 95
20 34 81
20 47 50
20 62 87
20 76 10
20 83 67
20 88 62
20 97 58
20 110 33
20 125 78
20 140 61
20 144 60
21 36 92
21 58 96
21 67 20
21 74 96
21 87 99
21 104 56
21 114 30
21 115 19
21 116 36
21 128 86
21 139 69
22 14 67
22 28 71
22 34 39
22 35 94
22 39 79
22 45 64
22 59 90
22 70 89
22 89 36
22 91 63
22 97 45
22 98 47
22 104 98
22 116 4
22 123 42
22 131 90
22 132 79
22 146 41
22 150 90
23 1 41
23 4 29
23 123 94
23 129 72
23 147 30
24 10 23
24 12 42
24 35 55
24 40 7
24 41 64
24 42 4
24 45 15
24 55 72
24 103 75
24 109 62
24 116 35
24 136 28
24 140 84
24 148 75
25 26 80
25 27 26
25 30 86
25 31 56
25 33 27
25 38 75
25 39 25
25 45 80
25 69 52
25 70 85
25 98 60
25 100 43
25 103 25
25 111 74
25 118 29
25 139 11
25 148 12
26 8 48
26 27 3
26 38 82
26 60 55
26 112 67
26 124 77
26 136 50
27 2 5
27 5 93
27 6 79
27 12 81
27 19 82
27 47 91
27 55 48
27 56 21
27 61 2
27 102 64
27 125 77
27 138 4
27 139 23
28 10 47
28 108 96
28 110 70
29 3 97
29 13 2
29 36 72
29 38 36
29 40 57
29 63 61
29 67 4
29 73 56
29 88 5
29 93 63
29 103 2
29 107 59
29 131 66
29 134 68
29 138 3
30 15 33
30 28 82
30 36 70
30 59 89
30 71 82
30 85 39
30 88 57
30 97 8
30 99 57
30 123 21
30 128 42
30 143 75
31 11 54
31 20 43
31 21 46
31 36 58
31 46 85
31 49 22
31 50 34
31 63 2
31 71 1
31 78 96
31 84 64
31 92 80
31 125 16
31 127 84
31 138 15
31 143 13
32 37 86
32 42 57
32 76 37
32 82 13
32 90 52
32 131 76
32 150 40
33 3 7
33 8 95
33 20 38
33 28 27
33 42 63
33 53 59
33 59 23
33 69 73
33 78 29
33 80 71
33 94 66
33 100 15
33 117 23
33 118 7
33 134 28
33 143 76
33 144 72
33 145 51
34 16 78
34 25 43
34 33 51
34 111 74
35 21 2
35 29 27
35 42 6
35 46 39
35 59 11
35 65 36
35 117 59
35 119 13
35 145 91
36 72 38
36 75 80
36 102 14
36 104 25
36 120 11
36 149 36
37 26 2
37 27 59
37 42 1
37 47 70
37 56 86
37 67 24
37 77 64
37 95 68
37 124 44
37 136 50
37 146 2
38 4 95
38 6 60
38 7 43
38 47 35
38 51 44
38 57 70
38 74 73
38 75 25
38 86 53
38 87 33
38 96 85
38 103 46
38 105 61
38 127 29
39 14 64
39 40 12
39 66 76
39 93 31
39 108 59
39 137 74
39 143 91
39 148 44
40 8 68
40 16 54
40 44 41
40 46 81
40 84 51
40 104 55
40 108 47
40 133 90
40 137 36
41 17 36
41 48 72
41 51 11
41 65 25
41 66 38
41 71 45
41 74 82
41 78 46
41 85 38
41 108 77
41 114 44
41 138 80
41 141 79
42 3 96
42 8 44
42 10 3
42 15 60
42 20 75
42 27 68
42 44 18
42 81 98
42 90 99
42 102 65
42 104 18
42 115 68
42 116 11
43 12 9
43 14 54
43 17 65
43 23 58
43 37 62
43 52 32
43 54 9
43 63 36
43 64 88
43 68 27
43 69 43
43 72 64
43 78 3
43 85 81
43 87 73
43 102 23
43 105 92
44 62 99
44 70 45
44 83 39
44 99 35
44 102 69
44 107 17
44 131 57
44 139 3
44 144 20
45 13 83
45 26 85
45 49 83
45 52 84
45 87 41
45 94 20
46 6 70
46 45 99
46 73 45
46 101 91
46 120 30
46 141 64
47 30 86
47 52 30
47 60 22
47 62 26
47 64 90
47 69 17
47 70 51
47 90 96
47 91 4
47 96 99
47 99 59
47 107 86
47 113 41
47 127 3
47 138 88
47 151 92
48 33 31
48 46 64
48 49 63
48 65 3
48 87 33
48 93 41
48 94 76
48 107 39
48 108 70
48 118 64
48 140 61
48 141 71
49 39 96
49 68 97
49 108 51
49 115 82
49 136 74
50 15 54
50 17 92
50 22 23
50 90 22
51 15 43
51 52 33
51 66 65
51 95 88
51 104 93
51 107 6
51 123 47
52 9 80
52 21 76
52 39 37
52 65 82
52 74 50
52 83 41
52 111 73
52 141 83
52 149 12
53 10 30
53 27 44
53 57 75
53 101 36
53 141 23
53 149 8
54 15 57
54 20 19
54 23 24
54 60 16
54 69 47
54 91 71
54 106 12
55 45 85
55 49 62
55 50 16
55 62 50
55 82 17
55 97 31
55 143 55
56 28 89
56 59 95
56 93 22
56 107 85
56 137 46
56 149 40
57 2 48
57 9 55
57 23 31
57 24 85
57 29 83
57 30 1
57 32 5
57 60 58
57 63 7
57 78 26
57 82 61
57 97 37
57 132 97
57 147 49
57 150 23
58 5 10
58 7 15
58 33 40
58 56 65
58 99 63
58 125 63
58 127 53
58 131 39
59 36 98
59 60 68
59 64 5
59 132 65
59 143 87
60 5 94
60 16 68
60 28 80
60 31 73
60 53 31
60 65 97
60 86 5
60 89 63
60 108 48
60 116 68
60 121 14
61 13 84
61 15 7
61 16 9
61 18 83
61 29 76
61 59 42
61 62 25
61 63 49
61 72 61
61 74 72
61 97 14
61 105 36
61 107 45
61 111 97
61 120 18
61 126 14
61 130 45
62 23 78
62 24 22
62 73 15
62 89 27
62 97 43
63 62 13
63 88 3
63 101 85
64 58 58
64 74 91
64 88 44
64 125 73
64 135 87
64 150 66
65 11 44
65 12 47
65 19 4
65 26 27
65 37 26
65 47 68
65 54 30
65 56 95
65 70 9
65 72 62
65 81 83
65 99 69
65 101 35
65 105 94
65 113 19
65 124 12
66 54 5
67 5 72
67 22 29
67 40 90
67 53 93
67 73 33
67 96 93
67 119 2
67 126 80
67 127 80
67 148 66
67 149 72
67 150 73
67 151 8
68 72 34
68 87 80
68 134 34
69 4 6
69 21 28
69 64 52
69 68 57
69 70 69
69 73 8
69 91 71
69 97 25
69 104 88
69 105 18
69 108 41
69 113 54
69 125 54
70 2 49
70 3 60
70 13 37
70 40 66
70 54 85
70 55 7
70 74 91
70 86 42
70 98 41
70 99 33
70 104 18
70 134 28
70 141 86
71 9 37
71 13 9
71 26 89
71 36 17
71 40 45
71 65 25
71 72 24
71 80 94
71 90 5
71 93 41
71 97 22
71 99 43
71 112 24
71 134 69
71 145 99
71 146 22
72 3 28
72 10 61
72 46 38
72 76 5
72 84 65
72 123 23
72 132 83
72 138 62
73 5 2
73 17 98
73 18 4
73 19 89
73 31 86
73 75 76
73 81 55
73 100 57
73 104 53
73 122 30
73 127 44
73 129 8
73 136 69
73 147 89
74 2 1
74 3 65
74 22 97
74 106 86
75 11 61
75 32 62
75 40 30
75 41 11
75 49 62
75 57 48
75 60 52
75 61 73
75 65 1
75 68 85
75 76 75
75 90 71
75 121 71
75 124 6
75 139 19
75 140 94
76 56 51
76 62 81
76 116 56
76 136 93
76 142 32
77 78 65
77 81 43
77 128 77
77 142 22
78 7 17
78 9 31
78 34 2
78 49 8
78 50 31
78 51 12
78 55 89
78 68 1
78 70 23
78 75 30
78 82 5
78 84 57
78 89 8
78 99 28
78 115 2
78 122 23
78 129 42
78 148 17
79 27 58
79 32 27
79 42 44
79 65 22
79 104 89
79 120 66
79 128 34
79 129 87
79 147 7
80 2 91
80 7 13
80 34 16
80 56 59
80 78 48
80 81 18
80 89 21
81 13 91
81 14 79
81 21 47
81 22 50
81 34 47
81 38 50
81 41 81
81 63 34
81 68 55
81 94 2
81 96 36
81 110 1
81 122 52
81 126 74
81 133 74
81 137 20
82 1 93
82 7 14
82 12 82
82 34 5
82 66 97
82 79 81
82 84 56
82 101 86
82 110 96
82 122 3
82 124 71
82 125 44
82 145 27
82 149 20
83 2 56
83 86 64
83 93 83
83 98 85
83 114 24
83 116 70
83 125 80
83 143 16
83 150 81
84 3 88
84 34 29
84 39 51
84 45 52
84 51 46
84 61 7
84 79 91
84 87 27
84 99 85
84 103 80
84 106 99
84 109 88
84 132 57
84 136 52
84 143 78
84 150 17
85 28 88
85 62 49
85 78 21
85 133 18
86 10 3
86 27 77
86 45 8
86 55 19
86 76 42
86 87 8
86 101 54
86 124 35
86 127 74
86 135 76
86 145 17
87 2 37
87 11 92
87 16 10
87 18 81
87 22 25
87 34 58
87 40 46
87 58 93
87 61 84
87 62 10
87 78 72
87 120 26
87 123 92
87 127 16
87 137 35
87 142 84
87 150 28
88 8 56
88 11 31
88 13 54
88 24 20
88 26 3
88 34 68
88 36 23
88 41 74
88 115 14
88 123 3
88 126 49
88 140 3
89 1 85
89 24 62
89 25 37
89 38 6
89 41 67
89 44 37
89 81 54
89 106 85
89 121 78
90 10 17
90 14 9
90 27 27
90 30 80
90 33 68
90 36 18
90 39 15
90 49 94
90 51 79
90 57 70
90 59 53
90 111 40
90 113 27
90 133 89
90 139 73
90 141 52
90 144 98
90 147 79
91 1 47
91 18 30
91 26 90
91 37 90
91 52 59
91 56 33
91 75 79
91 83 99
91 87 88
91 102 8
91 111 2
91 117 99
91 129 78
91 135 87
91 141 92
91 143 84
91 150 62
92 23 9
92 29 36
92 41 70
92 45 62
92 51 78
92 67 20
92 72 4
92 78 37
92 109 71
92 123 40
92 128 89
92 144 81
92 147 74
93 11 59
93 43 77
93 44 1
93 55 40
93 57 55
93 58 87
93 61 58
93 72 7
93 77 95
93 80 78
93 86 84
93 103 41
93 119 29
93 131 58
93 137 97
93 140 9
93 149 47
94 1 94
94 2 32
94 34 24
94 71 94
94 98 64
94 115 56
94 145 40
95 43 41
95 147 20
96 4 99
96 7 12
96 11 22
96 24 73
96 29 30
96 36 66
96 40 91
96 43 28
96 63 44
96 84 47
96 85 10
96 87 77
96 113 76
96 117 70
96 122 66
96 133 71
96 142 39
97 11 85
97 114 68
97 118 87
98 1 66
98 21 49
98 37 50
98 49 97
98 57 72
98 85 8
98 116 98
98 117 22
98 126 56
98 135 53
99 53 68
99 54 31
99 62 59
99 91 72
99 139 41
99 143 48
100 43 62
100 51 41
100 53 92
100 59 11
100 62 34
100 71 53
100 79 79
100 89 67
100 104 52
100 115 74
100 117 59
100 139 55
100 145 3
100 146 39
100 149 53
101 90 53
101 102 95
101 106 43
101 118 52
102 7 44
102 25 22
102 53 53
102 65 26
102 145 85
103 4 45
103 11 19
103 32 66
103 39 88
103 45 8
103 47 15
103 52 82
103 61 11
103 65 54
103 68 31
103 73 36
103 91 49
103 97 71
103 108 68
103 109 37
103 114 49
103 117 29
103 119 60
104 24 40
104 30 27
104 65 38
104 67 93
104 72 43
104 76 50
104 91 4
104 103 82
104 109 3
104 130 90
104 131 62
105 15 40
105 16 58
105 24 60
105 25 32
105 28 58
105 33 54
105 48 88
105 54 11
105 66 65
105 71 47
105 72 41
105 73 82
105 76 79
105 93 62
105 117 82
105 124 85
105 135 96
105 144 59
106 7 16
106 30 25
106 36 63
106 49 62
106 86 52
106 88 8
106 120 91
106 145 71
107 24 68
107 25 19
107 27 98
107 28 3
107 30 54
107 92 7
107 104 27
107 115 93
107 117 2
107 119 11
107 133 35
108 5 37
108 9 10
108 11 85
108 68 65
108 126 22
108 131 97
109 17 56
109 30 62
109 45 84
109 57 82
109 63 13
109 65 91
109 75 84
109 79 88
109 89 94
109 95 85
109 96 92
109 101 6
109 116 69
109 121 60
109 127 31
109 150 31
110 5 97
110 12 50
110 19 24
110 35 42
110 67 1
110 76 81
110 88 51
110 92 23
110 101 17
110 112 35
110 122 83
110 125 67
110 129 65
110 130 73
110 143 38
111 14 75
111 23 80
111 28 62
111 69 89
111 80 26
111 88 2
111 120 51
111 127 98
112 11 61
112 68 34
112 86 20
112 100 30
112 108 1
112 128 16
112 133 9
112 134 71
112 145 8
112 146 1
112 151 56
113 10 30
113 13 28
113 21 55
113 32 64
113 33 60
113 43 38
113 51 75
113 63 83
113 84 52
113 89 50
113 92 50
113 103 43
113 112 85
113 131 19
113 140 10
113 143 41
114 24 38
114 31 29
114 99 68
115 6 31
115 33 98
115 45 71
115 47 43
115 63 77
115 68 55
115 75 21
115 77 80
115 84 61
115 89 94
115 95 22
115 97 35
115 113 69
115 124 19
115 126 92
115 131 9
116 39 44
116 63 5
116 66 59
116 82 5
116 84 81
116 114 76
116 141 74
117 2 57
117 18 99
117 23 42
117 26 23
117 47 75
117 74 17
117 87 80
117 93 19
117 95 96
117 115 50
117 135 98
117 136 97
118 28 20
118 45 90
118 137 17
119 3 22
119 5 43
119 30 26
119 33 71
119 80 30
119 82 13
119 86 88
119 110 5
119 122 67
119 124 34
119 125 78
119 128 83
119 143 6
120 1 92
120 4 85
120 28 33
120 30 37
120 32 32
120 35 55
120 41 72
120 80 55
120 104 92
120 108 11
120 113 79
120 117 81
120 119 69
120 121 80
120 123 80
120 136 12
120 137 88
121 122 48
121 135 1
122 16 83
122 17 5
122 28 7
122 44 5
122 46 14
122 49 89
122 50 74
122 57 60
122 59 25
122 74 58
122 84 90
122 116 5
122 128 57
122 147 12
123 4 77
123 8 86
123 12 78
123 32 38
123 53 64
123 74 8
123 91 19
123 97 17
123 99 27
123 112 86
123 129 75
123 137 73
123 149 36
123 151 25
124 4 84
124 7 45
124 27 85
124 52 94
124 57 56
124 58 73
124 61 62
124 69 88
124 88 45
124 95 76
124 101 99
124 120 84
124 122 89
124 128 38
124 142 98
124 149 99
125 15 85
125 24 91
125 36 92
125 43 31
125 60 89
125 67 68
125 99 24
126 12 64
126 21 81
126 31 39
126 33 81
126 51 42
126 59 10
126 70 27
126 106 73
126 114 95
126 121 82
126 131 74
126 146 57
127 34 54
127 44 22
127 90 94
127 99 98
127 112 36
128 4 16
128 90 58
128 117 21
128 120 93
129 3 5
129 8 98
129 28 94
129 53 45
129 89 93
129 144 22
129 148 57
130 8 44
130 35 76
130 38 9
130 57 15
130 60 48
130 106 3
130 141 60
131 25 94
131 56 51
131 62 67
131 77 40
131 82 65
131 98 78
131 109 73
131 146 65
131 149 36
131 151 15
132 133 84
132 142 28
132 149 93
133 4 87
133 29 77
133 53 46
133 63 36
133 67 98
133 68 60
133 86 94
133 97 74
133 100 5
133 104 8
133 121 28
133 127 86
134 7 22
134 8 28
134 13 23
134 28 71
134 83 45
134 95 48
134 106 24
134 151 81
135 67 66
135 103 90
136 47 72
136 93 41
136 121 11
136 143 76
136 145 99
137 22 3
137 24 98
137 25 18
137 58 78
137 70 4
137 99 88
137 113 5
137 128 55
137 138 10
137 148 64
138 8 6
138 93 48
138 101 8
138 109 10
138 111 11
138 113 56
138 133 3
138 149 9
139 34 45
139 39 35
139 45 75
139 54 53
139 69 12
139 70 66
139 74 81
139 117 29
139 118 98
139 119 59
139 141 50
140 7 83
140 19 61
140 114 81
140 115 86
141 75 97
141 145 24
142 7 13
142 14 89
142 17 15
142 21 87
142 27 15
142 59 63
142 70 24
142 71 74
142 88 8
142 93 55
142 99 75
142 121 32
142 131 34
142 134 6
142 138 81
143 2 44
143 18 17
143 20 71
143 44 20
143 53 24
143 93 90
143 111 64
143 131 48
144 5 76
144 25 38
144 37 5
144 51 10
144 54 85
144 61 77
144 66 87
144 69 20
144 72 12
144 73 27
144 95 81
144 100 47
144 119 85
144 122 61
144 131 23
144 132 87
144 148 46
144 151 29
145 24 2
145 30 35
145 31 70
145 42 27
145 44 57
145 45 21
145 61 9
145 66 29
145 69 55
145 74 72
145 75 90
145 80 19
145 91 82
145 95 96
145 103 39
145 116 85
145 117 88
145 148 82
146 49 82
146 74 43
146 96 66
146 113 90
146 121 6
146 136 81
147 4 43
147 7 9
147 22 52
147 24 8
147 65 58
147 72 53
147 84 85
147 121 68
147 124 39
147 126 38
147 139 82
148 23 18
148 31 40
148 42 59
148 56 83
148 66 77
148 75 3
148 89 74
148 96 44
148 130 65
148 142 67
148 143 90
149 26 34
149 39 41
149 44 54
149 72 8
149 83 11
149 102 17
149 105 89
149 111 78
149 118 78
149 120 80
149 136 60
149 148 18
150 3 34
150 7 13
150 15 90
150 20 49
150 21 41
150 37 85
150 39 80
150 43 85
150 47 31
150 50 1
150 52 14
150 72 32
150 95 57
150 99 44
150 117 63
150 131 23
151 7 7
151 11 30
151 31 10
151 37 5
151 42 31
151 43 41
151 53 27
151 63 98
151 76 20
151 78 9
151 83 62
151 104 53
151 108 21
151 136 36
151 141 30
